The date today is Sat Sep 26 21:47:54 EDT 2020
insertion sort with random list
1000	1.760000	1
4000	31.058000	1
7000	97.608000	1
10000	216.037000	1
13000	425.582000	1
16000	630.937000	1
20000	1128.089000	1
insertion sort with ascending list
1000	0.095000	1
4000	0.371000	1
7000	0.643000	1
10000	0.926000	1
13000	1.157000	1
16000	1.424000	1
20000	1.779000	1
insertion sort with descending list
1000	0.088000	1
4000	0.341000	1
7000	0.606000	1
10000	0.847000	1
13000	1.123000	1
16000	1.387000	1
20000	1.694000	1
recursive selection sort with random list
1000	2.506000	2
4000	40.184000	2
7000	144.255000	2
10000	294.533000	2
13000	493.711000	2
16000	703.758000	2
20000	1076.859000	2
recursive selection sort with ascending list
1000	2.308000	2
4000	39.983000	2
7000	119.074000	2
10000	238.299000	2
13000	412.492000	2
16000	614.205000	2
20000	976.127000	2
recursive selection sort with descending list
1000	2.646000	2
4000	40.980000	2
7000	128.829000	2
10000	244.062000	2
13000	411.322000	2
16000	624.608000	2
20000	972.993000	2
iterative selection sort with random list
1000	2.388000	3
4000	38.041000	3
7000	136.344000	3
10000	265.666000	3
13000	457.937000	3
16000	698.913000	3
20000	1071.054000	3
iterative selection sort with ascending list
1000	2.446000	3
4000	36.815000	3
7000	122.654000	3
10000	242.341000	3
13000	389.021000	3
16000	606.826000	3
20000	947.321000	3
iterative selection sort with descending list
1000	2.493000	3
4000	40.319000	3
7000	116.640000	3
10000	243.261000	3
13000	396.024000	3
16000	623.823000	3
20000	1097.901000	3
merge sort with random list
16000	23.197000	4
100000	169.750000	4
200000	402.952000	4
300000	626.183000	4
400000	853.714000	4
500000	1043.760000	4
600000	1284.899000	4
merge sort with ascending list
16000	25.664000	4
100000	165.304000	4
200000	327.773000	4
300000	501.092000	4
400000	725.615000	4
500000	972.947000	4
600000	1137.265000	4
merge sort with descending list
16000	22.239000	4
100000	164.551000	4
200000	332.821000	4
300000	564.290000	4
400000	774.689000	4
500000	869.187000	4
600000	1039.077000	4
end
